# FREQUENCY HZ_REAL HZ_IMAG
1.0000e-04 -3.5485e-27 -9.4658e-29 9.1291e-28 3.0489e-28 4.4321e-27 -1.0506e-26 9.1293e-27 -1.1032e-26 -1.0981e-26 1.1919e-26 -3.9051e-26 -4.0903e-26 -4.0569e-26 -5.8584e-26 -5.4250e-26 -4.1230e-26 -2.0955e-26 -2.2938e-26 -3.8901e-26 -2.5033e-26 -1.7317e-22 -1.9323e-22 -2.1982e-22 -2.7017e-22 -3.9222e-22 -6.2403e-22 -8.4647e-22 -9.8860e-22 -1.0770e-21 -1.1326e-21 -1.1611e-21 -1.1530e-21 -1.0811e-21 -9.5641e-22 -8.4439e-22 -7.5788e-22 -6.8362e-22 -6.1455e-22 -5.5897e-22 -5.1427e-22
7.1969e-04 -5.1534e-26 -6.1915e-26 -7.9416e-26 -1.0986e-25 -1.8603e-25 -4.1657e-25 -7.2962e-25 -1.0716e-24 -1.3836e-24 -1.6391e-24 -1.9121e-24 -2.0512e-24 -2.0879e-24 -2.0538e-24 -1.9401e-24 -1.8273e-24 -1.6751e-24 -1.5177e-24 -1.3999e-24 -1.2561e-24 -1.2463e-21 -1.3907e-21 -1.5820e-21 -1.9444e-21 -2.8227e-21 -4.4910e-21 -6.0919e-21 -7.1148e-21 -7.7512e-21 -8.1512e-21 -8.3561e-21 -8.2978e-21 -7.7802e-21 -6.8831e-21 -6.0770e-21 -5.4543e-21 -4.9199e-21 -4.4228e-21 -4.0228e-21 -3.7011e-21
5.1795e-03 -2.5544e-24 -3.2511e-24 -4.2525e-24 -5.8746e-24 -1.0020e-23 -2.0910e-23 -3.8506e-23 -5.7047e-23 -7.3833e-23 -8.7913e-23 -9.8806e-23 -1.0561e-22 -1.0758e-22 -1.0521e-22 -9.9901e-23 -9.3495e-23 -8.6532e-23 -7.9413e-23 -7.2309e-23 -6.5002e-23 -8.9695e-21 -1.0009e-20 -1.1386e-20 -1.3994e-20 -2.0315e-20 -3.2321e-20 -4.3843e-20 -5.1204e-20 -5.5784e-20 -5.8663e-20 -6.0138e-20 -5.9718e-20 -5.5993e-20 -4.9537e-20 -4.3735e-20 -3.9254e-20 -3.5408e-20 -3.1830e-20 -2.8951e-20 -2.6636e-20
3.7276e-02 -1.3197e-22 -1.6844e-22 -2.2044e-22 -3.0457e-22 -5.1970e-22 -1.0827e-21 -1.9944e-21 -2.9540e-21 -3.8208e-21 -4.5520e-21 -5.1160e-21 -5.4672e-21 -5.5683e-21 -5.4445e-21 -5.1707e-21 -4.8398e-21 -4.4791e-21 -4.1092e-21 -3.7413e-21 -3.3647e-21 -6.4552e-20 -7.2029e-20 -8.1939e-20 -1.0071e-19 -1.4620e-19 -2.3260e-19 -3.1551e-19 -3.6847e-19 -4.0142e-19 -4.2211e-19 -4.3271e-19 -4.2967e-19 -4.0285e-19 -3.5639e-19 -3.1463e-19 -2.8239e-19 -2.5472e-19 -2.2898e-19 -2.0827e-19 -1.9162e-19
2.6827e-01 -6.8283e-21 -8.7137e-21 -1.1402e-20 -1.5750e-20 -2.6851e-20 -5.5815e-20 -1.0254e-19 -1.5143e-19 -1.9525e-19 -2.3187e-19 -2.5976e-19 -2.7671e-19 -2.8096e-19 -2.7400e-19 -2.5972e-19 -2.4277e-19 -2.2452e-19 -2.0600e-19 -1.8772e-19 -1.6908e-19 -4.6436e-19 -5.1809e-19 -5.8929e-19 -7.2417e-19 -1.0510e-18 -1.6708e-18 -2.2631e-18 -2.6383e-18 -2.8685e-18 -3.0106e-18 -3.0804e-18 -3.0532e-18 -2.8566e-18 -2.5208e-18 -2.2210e-18 -1.9906e-18 -1.7940e-18 -1.6120e-18 -1.4666e-18 -1.3507e-18
1.9307e+00 -3.3286e-19 -4.2082e-19 -5.4635e-19 -7.4683e-19 -1.2373e-18 -2.4190e-18 -4.1108e-18 -5.5771e-18 -6.6026e-18 -7.2289e-18 -7.5109e-18 -7.4520e-18 -7.0584e-18 -6.4898e-18 -5.8837e-18 -5.3238e-18 -4.8233e-18 -4.4098e-18 -4.0691e-18 -3.7699e-18 -3.2677e-18 -3.6262e-18 -4.0994e-18 -5.0055e-18 -7.1823e-18 -1.1117e-17 -1.4384e-17 -1.5892e-17 -1.6409e-17 -1.6475e-17 -1.6272e-17 -1.5662e-17 -1.4127e-17 -1.1851e-17 -1.0013e-17 -8.7435e-18 -7.7359e-18 -6.8279e-18 -6.1740e-18 -5.7462e-18
1.3895e+01 -6.6664e-18 -7.5676e-18 -9.0927e-18 -1.1662e-17 -1.8335e-17 -3.0328e-17 -3.9005e-17 -4.1127e-17 -4.1234e-17 -4.1068e-17 -4.0731e-17 -3.9398e-17 -3.5123e-17 -2.9200e-17 -2.4247e-17 -2.0939e-17 -1.8139e-17 -1.5661e-17 -1.3800e-17 -1.2559e-17 -1.6860e-17 -1.7796e-17 -1.8888e-17 -2.1836e-17 -2.9116e-17 -3.8716e-17 -4.0467e-17 -3.9253e-17 -3.8678e-17 -3.8569e-17 -3.8625e-17 -3.8367e-17 -3.5023e-17 -2.7274e-17 -2.1784e-17 -1.8953e-17 -1.7061e-17 -1.4635e-17 -1.2980e-17 -1.2120e-17
1.0000e+02 -3.9021e-17 -4.0157e-17 -4.2804e-17 -5.1502e-17 -6.9737e-17 -9.4372e-17 -1.0145e-16 -1.0208e-16 -1.0213e-16 -1.0213e-16 -1.0204e-16 -1.0109e-16 -9.2206e-17 -6.9708e-17 -5.3982e-17 -4.5785e-17 -4.0413e-17 -3.3044e-17 -2.8114e-17 -2.5338e-17 -5.6162e-17 -5.9895e-17 -5.8442e-17 -6.0435e-17 -5.9584e-17 -5.8986e-17 -5.5543e-17 -5.4756e-17 -5.4644e-17 -5.4643e-17 -5.4747e-17 -5.5424e-17 -5.6926e-17 -4.7834e-17 -4.4064e-17 -4.1380e-17 -4.1697e-17 -4.0075e-17 -3.9668e-17 -3.9680e-17
7.1969e+02 -1.3856e-16 -1.4742e-16 -1.4535e-16 -1.4823e-16 -1.4957e-16 -1.5318e-16 -1.5245e-16 -1.5228e-16 -1.5226e-16 -1.5226e-16 -1.5229e-16 -1.5243e-16 -1.5216e-16 -1.3100e-16 -1.2079e-16 -1.1146e-16 -1.1098e-16 -1.0942e-16 -1.0929e-16 -1.0949e-16 -1.5048e-16 -1.7068e-16 -1.6747e-16 -1.6037e-16 -1.5075e-16 -1.3602e-16 -1.3362e-16 -1.3346e-16 -1.3345e-16 -1.3345e-16 -1.3349e-16 -1.3381e-16 -1.3769e-16 -1.5627e-16 -1.6761e-16 -1.7335e-16 -1.7688e-16 -1.8367e-16 -1.8753e-16 -1.9277e-16
5.1795e+03 -4.7383e-16 -5.3671e-16 -5.3000e-16 -5.2966e-16 -5.2933e-16 -5.2875e-16 -5.2874e-16 -5.2874e-16 -5.2874e-16 -5.2874e-16 -5.2874e-16 -5.2873e-16 -5.2874e-16 -5.3231e-16 -5.3395e-16 -5.3573e-16 -5.3569e-16 -5.3556e-16 -5.3549e-16 -5.4253e-16 -2.8643e-16 -3.3845e-16 -3.3800e-16 -3.3837e-16 -3.3867e-16 -3.3918e-16 -3.3922e-16 -3.3922e-16 -3.3922e-16 -3.3922e-16 -3.3922e-16 -3.3922e-16 -3.3908e-16 -3.3846e-16 -3.3800e-16 -3.3782e-16 -3.3773e-16 -3.3748e-16 -3.3726e-16 -3.3746e-16
3.7276e+04 -7.7698e-16 -8.9819e-16 -8.9665e-16 -8.9663e-16 -8.9663e-16 -8.9663e-16 -8.9663e-16 -8.9663e-16 -8.9663e-16 -8.9663e-16 -8.9663e-16 -8.9663e-16 -8.9663e-16 -8.9663e-16 -8.9663e-16 -8.9663e-16 -8.9663e-16 -8.9663e-16 -8.9665e-16 -8.9831e-16 -1.0472e-16 -1.2410e-16 -1.2651e-16 -1.2651e-16 -1.2651e-16 -1.2652e-16 -1.2652e-16 -1.2652e-16 -1.2652e-16 -1.2652e-16 -1.2652e-16 -1.2652e-16 -1.2652e-16 -1.2651e-16 -1.2650e-16 -1.2650e-16 -1.2650e-16 -1.2650e-16 -1.2649e-16 -1.2390e-16
2.6827e+05 -7.9960e-16 -9.2483e-16 -9.2437e-16 -9.2435e-16 -9.2435e-16 -9.2435e-16 -9.2435e-16 -9.2435e-16 -9.2435e-16 -9.2435e-16 -9.2435e-16 -9.2435e-16 -9.2435e-16 -9.2435e-16 -9.2435e-16 -9.2435e-16 -9.2435e-16 -9.2435e-16 -9.2437e-16 -9.2485e-16 -1.5418e-17 -1.8245e-17 -1.8640e-17 -1.8641e-17 -1.8642e-17 -1.8642e-17 -1.8642e-17 -1.8642e-17 -1.8642e-17 -1.8642e-17 -1.8642e-17 -1.8642e-17 -1.8642e-17 -1.8642e-17 -1.8642e-17 -1.8642e-17 -1.8641e-17 -1.8641e-17 -1.8640e-17 -1.8214e-17
1.9307e+06 -8.0007e-16 -9.2538e-16 -9.2494e-16 -9.2493e-16 -9.2493e-16 -9.2493e-16 -9.2493e-16 -9.2493e-16 -9.2493e-16 -9.2493e-16 -9.2493e-16 -9.2493e-16 -9.2493e-16 -9.2493e-16 -9.2493e-16 -9.2493e-16 -9.2493e-16 -9.2493e-16 -9.2494e-16 -9.2540e-16 -2.3415e-18 -2.7512e-18 -2.8073e-18 -2.8079e-18 -2.8081e-18 -2.8081e-18 -2.8082e-18 -2.8082e-18 -2.8082e-18 -2.8082e-18 -2.8082e-18 -2.8082e-18 -2.8082e-18 -2.8082e-18 -2.8082e-18 -2.8081e-18 -2.8081e-18 -2.8079e-18 -2.8073e-18 -2.7469e-18
1.3895e+07 -8.0019e-16 -9.2550e-16 -9.2507e-16 -9.2506e-16 -9.2506e-16 -9.2506e-16 -9.2506e-16 -9.2506e-16 -9.2506e-16 -9.2506e-16 -9.2506e-16 -9.2506e-16 -9.2506e-16 -9.2506e-16 -9.2506e-16 -9.2506e-16 -9.2506e-16 -9.2506e-16 -9.2507e-16 -9.2553e-16 -1.7435e-18 -1.9266e-18 -1.9428e-18 -1.9455e-18 -1.9463e-18 -1.9465e-18 -1.9466e-18 -1.9466e-18 -1.9466e-18 -1.9466e-18 -1.9466e-18 -1.9466e-18 -1.9466e-18 -1.9466e-18 -1.9466e-18 -1.9465e-18 -1.9462e-18 -1.9454e-18 -1.9428e-18 -1.9265e-18
1.0000e+08 -8.0412e-16 -9.2972e-16 -9.2928e-16 -9.2928e-16 -9.2928e-16 -9.2928e-16 -9.2928e-16 -9.2928e-16 -9.2928e-16 -9.2928e-16 -9.2928e-16 -9.2928e-16 -9.2928e-16 -9.2928e-16 -9.2928e-16 -9.2928e-16 -9.2928e-16 -9.2928e-16 -9.2928e-16 -9.2975e-16 -7.7021e-18 -8.5814e-18 -8.6347e-18 -8.6437e-18 -8.6438e-18 -8.6438e-18 -8.6438e-18 -8.6438e-18 -8.6438e-18 -8.6438e-18 -8.6438e-18 -8.6438e-18 -8.6438e-18 -8.6438e-18 -8.6438e-18 -8.6438e-18 -8.6438e-18 -8.6436e-18 -8.6343e-18 -8.5824e-18
