# FREQUENCY HZ_REAL HZ_IMAG
1.0000e-04 -1.9676e-26 -4.8653e-22 2.1898e-27 -5.2382e-22 1.3257e-26 -5.2203e-22 -5.2112e-27 -5.2246e-22 9.3312e-27 -5.2920e-22 -1.8245e-27 -5.3307e-22 -2.4811e-27 -5.3334e-22 -1.1246e-26 -5.3814e-22 -9.0889e-27 -5.3824e-22 -7.5520e-27 -5.4444e-22 8.2748e-28 -5.5264e-22 4.3744e-27 -5.5263e-22 2.3797e-26 -5.6358e-22 6.2057e-27 -5.5986e-22 -1.0080e-26 -5.7458e-22 -1.9963e-26 -5.7406e-22 -2.0054e-26 -5.7313e-22 -2.1896e-26 -5.6805e-22 -2.8806e-26 -5.6588e-22 -5.8821e-27 -5.6506e-22
5.1795e-04 -5.8958e-26 -2.5199e-21 -3.9172e-26 -2.7131e-21 -3.2777e-26 -2.7038e-21 -5.0818e-26 -2.7061e-21 -5.4722e-26 -2.7410e-21 -7.2473e-26 -2.7610e-21 -7.8023e-26 -2.7624e-21 -1.0718e-25 -2.7873e-21 -9.0561e-26 -2.7878e-21 -1.0703e-25 -2.8199e-21 -1.4268e-25 -2.8624e-21 -1.4167e-25 -2.8623e-21 -1.5396e-25 -2.9190e-21 -1.4278e-25 -2.8998e-21 -2.1005e-25 -2.9760e-21 -2.1955e-25 -2.9733e-21 -2.1515e-25 -2.9685e-21 -1.5554e-25 -2.9422e-21 -1.5943e-25 -2.9309e-21 -1.4718e-25 -2.9267e-21
2.6827e-03 -1.1170e-24 -1.3052e-20 -1.1843e-24 -1.4052e-20 -1.2230e-24 -1.4004e-20 -1.2709e-24 -1.4016e-20 -1.7440e-24 -1.4197e-20 -2.0980e-24 -1.4301e-20 -2.1198e-24 -1.4308e-20 -2.5998e-24 -1.4437e-20 -2.6192e-24 -1.4439e-20 -3.2369e-24 -1.4606e-20 -4.0267e-24 -1.4826e-20 -4.0205e-24 -1.4825e-20 -5.0563e-24 -1.5119e-20 -4.3324e-24 -1.5019e-20 -5.6333e-24 -1.5414e-20 -5.5559e-24 -1.5400e-20 -5.4117e-24 -1.5375e-20 -4.6310e-24 -1.5239e-20 -4.4118e-24 -1.5181e-20 -4.0463e-24 -1.5159e-20
1.3895e-02 -2.9567e-23 -6.7602e-20 -3.1911e-23 -7.2784e-20 -3.3180e-23 -7.2535e-20 -3.3957e-23 -7.2595e-20 -4.6654e-23 -7.3531e-20 -5.6014e-23 -7.4070e-20 -5.6738e-23 -7.4107e-20 -6.9313e-23 -7.4774e-20 -6.9699e-23 -7.4788e-20 -8.6266e-23 -7.5649e-20 -1.0807e-22 -7.6789e-20 -1.0796e-22 -7.6786e-20 -1.3622e-22 -7.8307e-20 -1.1662e-22 -7.7792e-20 -1.5100e-22 -7.9836e-20 -1.4881e-22 -7.9763e-20 -1.4536e-22 -7.9634e-20 -1.2413e-22 -7.8929e-20 -1.1775e-22 -7.8627e-20 -1.0856e-22 -7.8513e-20
7.1969e-02 -7.9257e-22 -3.5014e-19 -8.5641e-22 -3.7698e-19 -8.9012e-22 -3.7569e-19 -9.1059e-22 -3.7600e-19 -1.2509e-21 -3.8083e-19 -1.5011e-21 -3.8361e-19 -1.5205e-21 -3.8380e-19 -1.8560e-21 -3.8723e-19 -1.8661e-21 -3.8730e-19 -2.3082e-21 -3.9172e-19 -2.8896e-21 -3.9758e-19 -2.8867e-21 -3.9757e-19 -3.6393e-21 -4.0538e-19 -3.1200e-21 -4.0278e-19 -4.0366e-21 -4.1330e-19 -3.9786e-21 -4.1293e-19 -3.8873e-21 -4.1227e-19 -3.3222e-21 -4.0867e-19 -3.1516e-21 -4.0712e-19 -2.9064e-21 -4.0654e-19
3.7276e-01 -2.1236e-20 -1.8129e-18 -2.2943e-20 -1.9518e-18 -2.3843e-20 -1.9451e-18 -2.4389e-20 -1.9466e-18 -3.3083e-20 -1.9696e-18 -3.9205e-20 -1.9820e-18 -3.9674e-20 -1.9829e-18 -4.7631e-20 -1.9977e-18 -4.7859e-20 -1.9979e-18 -5.8093e-20 -2.0167e-18 -7.1315e-20 -2.0415e-18 -7.1259e-20 -2.0415e-18 -8.8208e-20 -2.0747e-18 -7.8064e-20 -2.0680e-18 -9.9352e-20 -2.1143e-18 -9.8130e-20 -2.1131e-18 -9.6146e-20 -2.1106e-18 -8.4064e-20 -2.0986e-18 -8.0004e-20 -2.0920e-18 -7.4061e-20 -2.0910e-18
1.9307e+00 -5.5198e-19 -9.3078e-18 -5.9400e-19 -1.0015e-17 -6.1521e-19 -9.9718e-18 -6.2759e-19 -9.9741e-18 -7.1360e-19 -9.9683e-18 -7.4834e-19 -9.9588e-18 -7.5100e-19 -9.9578e-18 -7.8846e-19 -9.9490e-18 -7.8896e-19 -9.9484e-18 -8.3652e-19 -9.9435e-18 -9.0090e-19 -9.9446e-18 -9.0088e-19 -9.9447e-18 -9.8975e-19 -9.9560e-18 -9.9610e-19 -9.9677e-18 -1.1208e-18 -9.9924e-18 -1.1189e-18 -9.9945e-18 -1.1142e-18 -9.9976e-18 -1.1070e-18 -1.0018e-17 -1.0850e-18 -1.0027e-17 -1.0439e-18 -1.0087e-17
1.0000e+01 -9.6367e-18 -4.2706e-17 -9.9907e-18 -4.5919e-17 -1.0043e-17 -4.5457e-17 -1.0043e-17 -4.5353e-17 -1.0006e-17 -4.5327e-17 -9.9845e-18 -4.5311e-17 -9.9781e-18 -4.5307e-17 -9.9571e-18 -4.5296e-17 -9.9552e-18 -4.5296e-17 -9.9312e-18 -4.5276e-17 -9.9037e-18 -4.5237e-17 -9.9040e-18 -4.5237e-17 -9.8792e-18 -4.5168e-17 -9.8810e-18 -4.5169e-17 -9.8737e-18 -4.5055e-17 -9.8789e-18 -4.5059e-17 -9.8867e-18 -4.5071e-17 -9.8959e-18 -4.5104e-17 -9.8968e-18 -4.5202e-17 -9.8512e-18 -4.5665e-17
5.1795e+01 -7.6069e-17 -1.4546e-16 -7.9323e-17 -1.6126e-16 -7.8676e-17 -1.5925e-16 -7.8442e-17 -1.5913e-16 -7.8399e-17 -1.5914e-16 -7.8393e-17 -1.5915e-16 -7.8392e-17 -1.5915e-16 -7.8391e-17 -1.5915e-16 -7.8391e-17 -1.5915e-16 -7.8391e-17 -1.5915e-16 -7.8392e-17 -1.5915e-16 -7.8392e-17 -1.5915e-16 -7.8396e-17 -1.5915e-16 -7.8396e-17 -1.5915e-16 -7.8404e-17 -1.5916e-16 -7.8405e-17 -1.5915e-16 -7.8411e-17 -1.5915e-16 -7.8456e-17 -1.5913e-16 -7.8696e-17 -1.5926e-16 -7.9350e-17 -1.6135e-16
2.6827e+02 -3.3059e-16 -2.7805e-16 -3.6702e-16 -3.2441e-16 -3.6147e-16 -3.2192e-16 -3.6137e-16 -3.2208e-16 -3.6137e-16 -3.2209e-16 -3.6136e-16 -3.2209e-16 -3.6136e-16 -3.2209e-16 -3.6136e-16 -3.2209e-16 -3.6136e-16 -3.2209e-16 -3.6136e-16 -3.2209e-16 -3.6136e-16 -3.2209e-16 -3.6136e-16 -3.2209e-16 -3.6136e-16 -3.2209e-16 -3.6136e-16 -3.2209e-16 -3.6136e-16 -3.2209e-16 -3.6136e-16 -3.2209e-16 -3.6137e-16 -3.2209e-16 -3.6137e-16 -3.2208e-16 -3.6148e-16 -3.2191e-16 -3.6730e-16 -3.2463e-16
1.3895e+03 -6.8217e-16 -2.1680e-16 -7.8545e-16 -2.5751e-16 -7.8073e-16 -2.6045e-16 -7.8073e-16 -2.6046e-16 -7.8073e-16 -2.6047e-16 -7.8072e-16 -2.6047e-16 -7.8072e-16 -2.6047e-16 -7.8072e-16 -2.6047e-16 -7.8072e-16 -2.6047e-16 -7.8072e-16 -2.6047e-16 -7.8072e-16 -2.6047e-16 -7.8072e-16 -2.6047e-16 -7.8072e-16 -2.6047e-16 -7.8072e-16 -2.6047e-16 -7.8072e-16 -2.6047e-16 -7.8072e-16 -2.6047e-16 -7.8073e-16 -2.6047e-16 -7.8073e-16 -2.6046e-16 -7.8073e-16 -2.6045e-16 -7.8581e-16 -2.5734e-16
7.1969e+03 -7.9353e-16 -5.6522e-17 -9.1770e-16 -6.6922e-17 -9.1693e-16 -6.8330e-17 -9.1692e-16 -6.8334e-17 -9.1692e-16 -6.8335e-17 -9.1692e-16 -6.8335e-17 -9.1692e-16 -6.8335e-17 -9.1692e-16 -6.8335e-17 -9.1692e-16 -6.8335e-17 -9.1692e-16 -6.8335e-17 -9.1692e-16 -6.8335e-17 -9.1692e-16 -6.8335e-17 -9.1692e-16 -6.8335e-17 -9.1692e-16 -6.8335e-17 -9.1692e-16 -6.8335e-17 -9.1692e-16 -6.8335e-17 -9.1692e-16 -6.8335e-17 -9.1692e-16 -6.8334e-17 -9.1693e-16 -6.8329e-17 -9.1775e-16 -6.6812e-17
3.7276e+04 -7.9983e-16 -1.1086e-17 -9.2509e-16 -1.3121e-17 -9.2465e-16 -1.3405e-17 -9.2463e-16 -1.3406e-17 -9.2463e-16 -1.3406e-17 -9.2463e-16 -1.3406e-17 -9.2463e-16 -1.3406e-17 -9.2463e-16 -1.3406e-17 -9.2463e-16 -1.3406e-17 -9.2463e-16 -1.3406e-17 -9.2463e-16 -1.3406e-17 -9.2463e-16 -1.3406e-17 -9.2463e-16 -1.3406e-17 -9.2463e-16 -1.3406e-17 -9.2463e-16 -1.3406e-17 -9.2463e-16 -1.3406e-17 -9.2463e-16 -1.3406e-17 -9.2463e-16 -1.3406e-17 -9.2465e-16 -1.3405e-17 -9.2512e-16 -1.3098e-17
1.9307e+05 -8.0007e-16 -2.1610e-18 -9.2537e-16 -2.5556e-18 -9.2494e-16 -2.6106e-18 -9.2493e-16 -2.6109e-18 -9.2492e-16 -2.6109e-18 -9.2492e-16 -2.6110e-18 -9.2492e-16 -2.6110e-18 -9.2492e-16 -2.6110e-18 -9.2492e-16 -2.6110e-18 -9.2492e-16 -2.6110e-18 -9.2492e-16 -2.6110e-18 -9.2492e-16 -2.6110e-18 -9.2492e-16 -2.6110e-18 -9.2492e-16 -2.6110e-18 -9.2492e-16 -2.6110e-18 -9.2492e-16 -2.6110e-18 -9.2492e-16 -2.6109e-18 -9.2493e-16 -2.6109e-18 -9.2494e-16 -2.6106e-18 -9.2540e-16 -2.5512e-18
1.0000e+06 -8.0008e-16 -5.1724e-19 -9.2539e-16 -6.0179e-19 -9.2495e-16 -6.1299e-19 -9.2494e-16 -6.1323e-19 -9.2494e-16 -6.1331e-19 -9.2494e-16 -6.1335e-19 -9.2494e-16 -6.1337e-19 -9.2494e-16 -6.1338e-19 -9.2494e-16 -6.1338e-19 -9.2494e-16 -6.1338e-19 -9.2494e-16 -6.1339e-19 -9.2494e-16 -6.1338e-19 -9.2494e-16 -6.1338e-19 -9.2494e-16 -6.1338e-19 -9.2494e-16 -6.1337e-19 -9.2494e-16 -6.1335e-19 -9.2494e-16 -6.1331e-19 -9.2494e-16 -6.1322e-19 -9.2495e-16 -6.1299e-19 -9.2541e-16 -6.0099e-19
