# FREQUENCY HZ_REAL HZ_IMAG
1.0000e-04 1.8467e-16 -3.8239e-16 1.8467e-16 -3.8239e-16 1.8467e-16 -3.8239e-16 1.8467e-16 -3.8239e-16 1.8465e-16 -1.0295e-15 1.8463e-16 -1.1634e-15 1.8463e-16 -1.1634e-15 1.8461e-16 -1.2534e-15 1.8461e-16 -1.2534e-15 1.8460e-16 -1.3181e-15 1.8458e-16 -1.3667e-15 1.8458e-16 -1.3667e-15 1.8456e-16 -1.4046e-15 1.8460e-16 -9.3449e-16 1.8458e-16 -9.6478e-16 1.8458e-16 -9.6478e-16 1.8458e-16 -9.6478e-16 1.8460e-16 -7.2299e-16 1.8460e-16 -7.2299e-16 1.8460e-16 -7.2299e-16
5.1795e-04 1.8455e-16 -1.9806e-15 1.8455e-16 -1.9806e-15 1.8455e-16 -1.9806e-15 1.8455e-16 -1.9806e-15 1.8389e-16 -5.3324e-15 1.8344e-16 -6.0258e-15 1.8344e-16 -6.0258e-15 1.8298e-16 -6.4920e-15 1.8298e-16 -6.4920e-15 1.8249e-16 -6.8269e-15 1.8200e-16 -7.0787e-15 1.8200e-16 -7.0787e-15 1.8152e-16 -7.2748e-15 1.8246e-16 -4.8402e-15 1.8205e-16 -4.9971e-15 1.8205e-16 -4.9971e-15 1.8205e-16 -4.9971e-15 1.8280e-16 -3.7447e-15 1.8280e-16 -3.7447e-15 1.8280e-16 -3.7447e-15
2.6827e-03 1.8114e-16 -1.0258e-14 1.8114e-16 -1.0258e-14 1.8114e-16 -1.0258e-14 1.8114e-16 -1.0258e-14 1.6360e-16 -2.7619e-14 1.5161e-16 -3.1210e-14 1.5161e-16 -3.1210e-14 1.3888e-16 -3.3625e-14 1.3888e-16 -3.3625e-14 1.2587e-16 -3.5359e-14 1.1281e-16 -3.6664e-14 1.1281e-16 -3.6664e-14 9.9871e-17 -3.7679e-14 1.2517e-16 -2.5069e-14 1.1394e-16 -2.5882e-14 1.1394e-16 -2.5882e-14 1.1394e-16 -2.5882e-14 1.3417e-16 -1.9395e-14 1.3417e-16 -1.9395e-14 1.3417e-16 -1.9395e-14
1.3895e-02 8.9645e-17 -5.3131e-14 8.9645e-17 -5.3131e-14 8.9645e-17 -5.3131e-14 8.9645e-17 -5.3131e-14 -3.8043e-16 -1.4304e-13 -7.0210e-16 -1.6164e-13 -7.0210e-16 -1.6164e-13 -1.0429e-15 -1.7413e-13 -1.0429e-15 -1.7413e-13 -1.3914e-15 -1.8310e-13 -1.7406e-15 -1.8984e-13 -1.7406e-15 -1.8984e-13 -2.0864e-15 -1.9508e-13 -1.4092e-15 -1.2979e-13 -1.7093e-15 -1.3398e-13 -1.7093e-15 -1.3398e-13 -1.7093e-15 -1.3398e-13 -1.1679e-15 -1.0041e-13 -1.1679e-15 -1.0041e-13 -1.1679e-15 -1.0041e-13
7.1969e-02 -2.3467e-15 -2.7499e-13 -2.3467e-15 -2.7499e-13 -2.3467e-15 -2.7499e-13 -2.3467e-15 -2.7499e-13 -1.4835e-14 -7.3969e-13 -2.3281e-14 -8.3488e-13 -2.3281e-14 -8.3488e-13 -3.2105e-14 -8.9807e-13 -3.2105e-14 -8.9807e-13 -4.0961e-14 -9.4254e-13 -4.9637e-14 -9.7507e-13 -4.9637e-14 -9.7507e-13 -5.8001e-14 -9.9949e-13 -4.0916e-14 -6.6493e-13 -4.8135e-14 -6.8418e-13 -4.8135e-14 -6.8418e-13 -4.8135e-14 -6.8418e-13 -3.4592e-14 -5.1349e-13 -3.4592e-14 -5.1349e-13 -3.4592e-14 -5.1349e-13
3.7276e-01 -5.6644e-14 -1.4012e-12 -5.6644e-14 -1.4012e-12 -5.6644e-14 -1.4012e-12 -5.6644e-14 -1.4012e-12 -3.2888e-13 -3.7105e-12 -4.8004e-13 -4.1194e-12 -4.8004e-13 -4.1194e-12 -6.1167e-13 -4.3529e-12 -6.1167e-13 -4.3529e-12 -7.2081e-13 -4.4886e-12 -8.0895e-13 -4.5665e-12 -8.0895e-13 -4.5665e-12 -8.7873e-13 -4.6091e-12 -6.2482e-13 -3.0233e-12 -6.7912e-13 -3.0514e-12 -6.7912e-13 -3.0514e-12 -6.7912e-13 -3.0514e-12 -4.9932e-13 -2.2901e-12 -4.9932e-13 -2.2901e-12 -4.9932e-13 -2.2901e-12
1.9307e+00 -4.9759e-13 -6.8147e-12 -4.9759e-13 -6.8147e-12 -4.9759e-13 -6.8147e-12 -4.9759e-13 -6.8147e-12 -4.1309e-12 -1.6443e-11 -5.3700e-12 -1.7135e-11 -5.3700e-12 -1.7135e-11 -6.0647e-12 -1.7201e-11 -6.0647e-12 -1.7201e-11 -6.4065e-12 -1.7088e-11 -6.5490e-12 -1.6959e-11 -6.5490e-12 -1.6959e-11 -6.5914e-12 -1.6862e-11 -4.2621e-12 -1.0710e-11 -4.2823e-12 -1.0641e-11 -4.2823e-12 -1.0641e-11 -4.2823e-12 -1.0641e-11 -2.9373e-12 -8.1031e-12 -2.9373e-12 -8.1031e-12 -2.9373e-12 -8.1031e-12
1.0000e+01 -3.5608e-12 -3.1931e-11 -3.5608e-12 -3.1931e-11 -3.5608e-12 -3.1931e-11 -3.5608e-12 -3.1931e-11 -2.6434e-11 -5.2047e-11 -2.7265e-11 -5.0559e-11 -2.7265e-11 -5.0559e-11 -2.7051e-11 -5.0107e-11 -2.7051e-11 -5.0107e-11 -2.6901e-11 -5.0083e-11 -2.6868e-11 -5.0118e-11 -2.6868e-11 -5.0118e-11 -2.6871e-11 -5.0133e-11 -1.3761e-11 -3.4038e-11 -1.3765e-11 -3.4046e-11 -1.3765e-11 -3.4046e-11 -1.3765e-11 -3.4046e-11 -7.9335e-12 -2.8920e-11 -7.9335e-12 -2.8920e-11 -7.9335e-12 -2.8920e-11
5.1795e+01 -1.8949e-11 -1.4331e-10 -1.8949e-11 -1.4331e-10 -1.8949e-11 -1.4331e-10 -1.8949e-11 -1.4331e-10 -6.6672e-11 -1.5191e-10 -6.6558e-11 -1.5215e-10 -6.6558e-11 -1.5215e-10 -6.6581e-11 -1.5215e-10 -6.6581e-11 -1.5215e-10 -6.6579e-11 -1.5215e-10 -6.6579e-11 -1.5215e-10 -6.6579e-11 -1.5215e-10 -6.6579e-11 -1.5215e-10 -2.7668e-11 -1.3228e-10 -2.7668e-11 -1.3228e-10 -2.7668e-11 -1.3228e-10 -2.7668e-11 -1.3228e-10 -1.4456e-11 -1.2863e-10 -1.4456e-11 -1.2863e-10 -1.4456e-11 -1.2863e-10
2.6827e+02 -7.3847e-11 -6.4940e-10 -7.3847e-11 -6.4940e-10 -7.3847e-11 -6.4940e-10 -7.3847e-11 -6.4940e-10 -1.1615e-10 -6.2855e-10 -1.1615e-10 -6.2856e-10 -1.1615e-10 -6.2856e-10 -1.1615e-10 -6.2856e-10 -1.1615e-10 -6.2856e-10 -1.1615e-10 -6.2856e-10 -1.1615e-10 -6.2856e-10 -1.1615e-10 -6.2856e-10 -1.1615e-10 -6.2856e-10 -5.4962e-11 -6.3347e-10 -5.4962e-11 -6.3347e-10 -5.4962e-11 -6.3347e-10 -5.4962e-11 -6.3347e-10 -4.0682e-11 -6.4094e-10 -4.0682e-11 -6.4094e-10 -4.0682e-11 -6.4094e-10
1.3895e+03 -3.7834e-10 -3.0669e-09 -3.7834e-10 -3.0669e-09 -3.7834e-10 -3.0669e-09 -3.7834e-10 -3.0669e-09 -3.7601e-10 -3.0432e-09 -3.7601e-10 -3.0432e-09 -3.7601e-10 -3.0432e-09 -3.7601e-10 -3.0432e-09 -3.7601e-10 -3.0432e-09 -3.7601e-10 -3.0432e-09 -3.7601e-10 -3.0432e-09 -3.7601e-10 -3.0432e-09 -3.7601e-10 -3.0432e-09 -3.6569e-10 -3.0904e-09 -3.6569e-10 -3.0904e-09 -3.6569e-10 -3.0904e-09 -3.6569e-10 -3.0904e-09 -3.7143e-10 -3.0951e-09 -3.7143e-10 -3.0951e-09 -3.7143e-10 -3.0951e-09
7.1969e+03 -3.1937e-09 -1.3398e-08 -3.1937e-09 -1.3398e-08 -3.1937e-09 -1.3398e-08 -3.1937e-09 -1.3398e-08 -3.1933e-09 -1.3401e-08 -3.1933e-09 -1.3401e-08 -3.1933e-09 -1.3401e-08 -3.1933e-09 -1.3401e-08 -3.1933e-09 -1.3401e-08 -3.1933e-09 -1.3401e-08 -3.1933e-09 -1.3401e-08 -3.1933e-09 -1.3401e-08 -3.1933e-09 -1.3401e-08 -3.1949e-09 -1.3394e-08 -3.1949e-09 -1.3394e-08 -3.1949e-09 -1.3394e-08 -3.1949e-09 -1.3394e-08 -3.1948e-09 -1.3394e-08 -3.1948e-09 -1.3394e-08 -3.1948e-09 -1.3394e-08
3.7276e+04 -2.1564e-08 -4.7608e-08 -2.1564e-08 -4.7608e-08 -2.1564e-08 -4.7608e-08 -2.1564e-08 -4.7608e-08 -2.1564e-08 -4.7608e-08 -2.1564e-08 -4.7608e-08 -2.1564e-08 -4.7608e-08 -2.1564e-08 -4.7608e-08 -2.1564e-08 -4.7608e-08 -2.1564e-08 -4.7608e-08 -2.1564e-08 -4.7608e-08 -2.1564e-08 -4.7608e-08 -2.1564e-08 -4.7608e-08 -2.1564e-08 -4.7608e-08 -2.1564e-08 -4.7608e-08 -2.1564e-08 -4.7608e-08 -2.1564e-08 -4.7608e-08 -2.1564e-08 -4.7608e-08 -2.1564e-08 -4.7608e-08 -2.1564e-08 -4.7608e-08
1.9307e+05 -9.9657e-08 -1.1807e-07 -9.9657e-08 -1.1807e-07 -9.9657e-08 -1.1807e-07 -9.9657e-08 -1.1807e-07 -9.9657e-08 -1.1807e-07 -9.9657e-08 -1.1807e-07 -9.9657e-08 -1.1807e-07 -9.9657e-08 -1.1807e-07 -9.9657e-08 -1.1807e-07 -9.9657e-08 -1.1807e-07 -9.9657e-08 -1.1807e-07 -9.9657e-08 -1.1807e-07 -9.9657e-08 -1.1807e-07 -9.9657e-08 -1.1807e-07 -9.9657e-08 -1.1807e-07 -9.9657e-08 -1.1807e-07 -9.9657e-08 -1.1807e-07 -9.9657e-08 -1.1807e-07 -9.9657e-08 -1.1807e-07 -9.9657e-08 -1.1807e-07
1.0000e+06 -2.7634e-07 -1.7075e-07 -2.7634e-07 -1.7075e-07 -2.7634e-07 -1.7075e-07 -2.7634e-07 -1.7075e-07 -2.7634e-07 -1.7075e-07 -2.7634e-07 -1.7075e-07 -2.7634e-07 -1.7075e-07 -2.7634e-07 -1.7075e-07 -2.7634e-07 -1.7075e-07 -2.7634e-07 -1.7075e-07 -2.7634e-07 -1.7075e-07 -2.7634e-07 -1.7075e-07 -2.7634e-07 -1.7075e-07 -2.7634e-07 -1.7075e-07 -2.7634e-07 -1.7075e-07 -2.7634e-07 -1.7075e-07 -2.7634e-07 -1.7075e-07 -2.7634e-07 -1.7075e-07 -2.7634e-07 -1.7075e-07 -2.7634e-07 -1.7075e-07
