# FREQUENCY HZ_REAL(FOR ALL POSITION) HZ_IMAG(FOR ALL POSITION)
1.0000e-02 -1.6215e-24 -2.7900e-24 -1.2103e-23 -7.2278e-23 -1.1534e-22 -1.3486e-22 -1.0930e-22 -9.0635e-23 -6.8780e-23 -4.9601e-23 -1.5109e-20 -1.8111e-20 -3.2671e-20 -7.2676e-20 -9.0093e-20 -8.2041e-20 -7.0075e-20 -4.8988e-20 -3.8994e-20 -3.2666e-20
5.1795e-02 -4.1822e-23 -7.6901e-23 -3.1140e-22 -1.8873e-21 -3.1574e-21 -3.5252e-21 -2.9118e-21 -2.3712e-21 -1.7980e-21 -1.2651e-21 -7.8559e-20 -9.8026e-20 -1.7150e-19 -3.6202e-19 -4.5162e-19 -4.4666e-19 -3.7283e-19 -2.7385e-19 -1.9676e-19 -1.6679e-19
2.6827e-01 -1.2355e-21 -2.1385e-21 -8.2567e-21 -5.3508e-20 -7.8599e-20 -9.4020e-20 -7.8636e-20 -6.5688e-20 -4.6214e-20 -3.7771e-20 -4.3089e-19 -4.7092e-19 -8.6391e-19 -2.0200e-18 -2.2954e-18 -2.2052e-18 -1.9205e-18 -1.3122e-18 -1.0863e-18 -8.7069e-19
1.3895e+00 -3.0319e-20 -5.4863e-20 -2.1187e-19 -1.3983e-18 -2.1347e-18 -2.3089e-18 -1.9242e-18 -1.4573e-18 -1.0933e-18 -7.9969e-19 -2.2187e-18 -2.3900e-18 -4.2443e-18 -1.0263e-17 -1.1190e-17 -1.0833e-17 -8.8192e-18 -6.7421e-18 -4.9214e-18 -3.8257e-18
7.1969e+00 -7.7935e-19 -1.4266e-18 -4.5559e-18 -1.9264e-17 -2.2916e-17 -2.1675e-17 -1.6877e-17 -1.1139e-17 -8.4311e-18 -6.3467e-18 -1.1250e-17 -1.3065e-17 -2.0858e-17 -3.3681e-17 -3.5090e-17 -3.4168e-17 -2.6169e-17 -1.8023e-17 -1.3801e-17 -1.2820e-17
3.7276e+01 -1.1852e-17 -1.6321e-17 -3.3616e-17 -6.5442e-17 -6.8662e-17 -6.4489e-17 -4.5958e-17 -2.8853e-17 -2.0699e-17 -1.4589e-17 -5.0399e-17 -5.2532e-17 -5.8423e-17 -6.5393e-17 -6.5927e-17 -6.3892e-17 -5.3181e-17 -4.5328e-17 -3.8279e-17 -3.4141e-17
1.9307e+02 -6.5579e-17 -6.6190e-17 -9.6427e-17 -1.2081e-16 -1.1916e-16 -1.2059e-16 -9.0364e-17 -5.9444e-17 -4.1711e-17 -3.3729e-17 -1.5867e-16 -1.6985e-16 -1.7483e-16 -1.6024e-16 -1.5249e-16 -1.6890e-16 -1.6110e-16 -1.4817e-16 -1.6057e-16 -1.5914e-16
1.0000e+03 -2.4633e-16 -2.3657e-16 -2.7293e-16 -2.4609e-16 -2.5058e-16 -2.5735e-16 -2.4875e-16 -2.1446e-16 -2.2410e-16 -2.1399e-16 -5.5405e-16 -5.9101e-16 -5.7251e-16 -5.9446e-16 -5.6469e-16 -5.7540e-16 -6.5054e-16 -6.7663e-16 -6.8619e-16 -6.2040e-16
5.1795e+03 -1.3171e-15 -1.4521e-15 -1.3843e-15 -1.3101e-15 -1.3589e-15 -1.3953e-15 -1.3637e-15 -1.4001e-15 -1.3531e-15 -1.4698e-15 -1.6569e-15 -1.8806e-15 -1.8151e-15 -1.7192e-15 -1.9175e-15 -1.7688e-15 -1.8248e-15 -1.7110e-15 -1.7518e-15 -1.8315e-15
2.6827e+04 -3.5569e-15 -4.1711e-15 -3.9820e-15 -4.1056e-15 -3.9711e-15 -4.3392e-15 -4.0083e-15 -4.1515e-15 -4.4215e-15 -4.1819e-15 -2.0850e-15 -2.3145e-15 -2.3445e-15 -2.3257e-15 -2.4141e-15 -2.4044e-15 -2.4630e-15 -2.3311e-15 -2.2168e-15 -2.3816e-15
1.3895e+05 -5.5225e-15 -5.9367e-15 -6.4764e-15 -6.3597e-15 -6.1471e-15 -6.5652e-15 -6.2851e-15 -6.0009e-15 -6.0992e-15 -5.9730e-15 -7.8507e-16 -9.6203e-16 -9.2197e-16 -9.4775e-16 -9.1529e-16 -1.0178e-15 -9.1849e-16 -9.1621e-16 -9.2530e-16 -9.5715e-16
7.1969e+05 -5.8321e-15 -6.6820e-15 -6.8576e-15 -6.7843e-15 -6.3398e-15 -6.5158e-15 -6.5481e-15 -6.5213e-15 -6.8100e-15 -6.2539e-15 -1.6760e-16 -2.0491e-16 -1.8935e-16 -1.9368e-16 -2.0027e-16 -1.8852e-16 -1.9565e-16 -2.0670e-16 -1.9738e-16 -1.9156e-16
3.7276e+06 -5.8770e-15 -6.5842e-15 -6.7647e-15 -6.8118e-15 -6.5665e-15 -6.8125e-15 -6.7997e-15 -6.3605e-15 -6.4305e-15 -6.3114e-15 -3.5159e-17 -3.8757e-17 -3.9620e-17 -3.9091e-17 -3.8695e-17 -4.0024e-17 -4.0093e-17 -4.1339e-17 -3.9548e-17 -4.2660e-17
1.9307e+07 -5.7684e-15 -6.8429e-15 -6.7985e-15 -6.7415e-15 -6.6182e-15 -6.3580e-15 -6.5038e-15 -6.6620e-15 -6.2221e-15 -6.5542e-15 -1.5209e-17 -1.7980e-17 -1.8156e-17 -1.7565e-17 -1.8778e-17 -1.7462e-17 -1.7426e-17 -1.8250e-17 -1.7800e-17 -1.7905e-17
1.0000e+08 -5.4653e-15 -6.5837e-15 -6.4396e-15 -6.5742e-15 -6.1809e-15 -6.4725e-15 -6.5386e-15 -6.3448e-15 -6.2464e-15 -6.1713e-15 -4.5557e-17 -4.9436e-17 -5.1095e-17 -5.1746e-17 -5.0950e-17 -5.1611e-17 -5.3960e-17 -5.3256e-17 -5.1914e-17 -5.2805e-17
