# FREQUENCY HZ_REAL HZ_IMAG
1.0000e-02 1.3545e-16 -3.8238e-14 1.3545e-16 -3.8238e-14 -1.0807e-16 -1.0295e-13 -2.7474e-16 -1.1633e-13 -5.4148e-16 -1.2881e-13 -7.2272e-16 -1.3438e-13 -8.0350e-16 -1.1244e-13 -7.9724e-16 -9.6449e-14 -6.4735e-16 -8.2693e-14 -5.1645e-16 -7.2279e-14
5.1795e-02 -1.1311e-15 -1.9798e-13 -1.1311e-15 -1.9798e-13 -7.6310e-15 -5.3277e-13 -1.2053e-14 -6.0168e-13 -1.9060e-14 -6.6533e-13 -2.3760e-14 -6.9336e-13 -2.5733e-14 -5.7894e-13 -2.5469e-14 -4.9580e-13 -2.1598e-14 -4.2522e-13 -1.8210e-14 -3.7186e-13
2.6827e-01 -3.1892e-14 -1.0160e-12 -3.1892e-14 -1.0160e-12 -1.8648e-13 -2.7070e-12 -2.7875e-13 -3.0227e-12 -4.0142e-13 -3.2760e-12 -4.6828e-13 -3.3665e-12 -4.6375e-13 -2.7374e-12 -4.3369e-13 -2.2998e-12 -3.7393e-13 -1.9712e-12 -3.2209e-13 -1.7285e-12
1.3895e+00 -3.2505e-13 -4.9777e-12 -3.2505e-13 -4.9777e-12 -2.5744e-12 -1.2447e-11 -3.4742e-12 -1.3217e-11 -4.2526e-12 -1.3451e-11 -4.5055e-12 -1.3407e-11 -3.7867e-12 -1.0341e-11 -3.1625e-12 -8.4418e-12 -2.6385e-12 -7.2259e-12 -2.2180e-12 -6.3869e-12
7.1969e+00 -2.4474e-12 -2.3541e-11 -2.4474e-12 -2.3541e-11 -1.9764e-11 -4.2594e-11 -2.1235e-11 -4.1472e-11 -2.1235e-11 -4.0733e-11 -2.1116e-11 -4.0675e-11 -1.5219e-11 -3.1715e-11 -1.1335e-11 -2.6771e-11 -8.6615e-12 -2.3846e-11 -6.7641e-12 -2.2032e-11
3.7276e+01 -1.3960e-11 -1.0631e-10 -1.3960e-11 -1.0631e-10 -5.8186e-11 -1.1912e-10 -5.7712e-11 -1.1927e-10 -5.7751e-11 -1.1931e-10 -5.7750e-11 -1.1931e-10 -3.6677e-11 -1.0499e-10 -2.4760e-11 -9.8612e-11 -1.7558e-11 -9.5566e-11 -1.2974e-11 -9.4060e-11
1.9307e+02 -5.6831e-11 -4.7810e-10 -5.6831e-11 -4.7810e-10 -1.0407e-10 -4.6313e-10 -1.0407e-10 -4.6313e-10 -1.0407e-10 -4.6313e-10 -1.0407e-10 -4.6313e-10 -6.4325e-11 -4.5875e-10 -4.5004e-11 -4.5972e-10 -3.4886e-11 -4.6190e-10 -2.9364e-11 -4.6410e-10
1.0000e+03 -2.5545e-10 -2.2492e-09 -2.5545e-10 -2.2492e-09 -2.6229e-10 -2.2206e-09 -2.6229e-10 -2.2206e-09 -2.6229e-10 -2.2206e-09 -2.6229e-10 -2.2206e-09 -2.3627e-10 -2.2512e-09 -2.3203e-10 -2.2668e-09 -2.3335e-10 -2.2737e-09 -2.3530e-10 -2.2762e-09
5.1795e+03 -2.1047e-09 -1.0112e-08 -2.1047e-09 -1.0112e-08 -2.1007e-09 -1.0115e-08 -2.1007e-09 -1.0115e-08 -2.1007e-09 -1.0115e-08 -2.1007e-09 -1.0115e-08 -2.1111e-09 -1.0112e-08 -2.1115e-09 -1.0110e-08 -2.1111e-09 -1.0109e-08 -2.1109e-09 -1.0109e-08
2.6827e+04 -1.5097e-08 -3.7791e-08 -1.5097e-08 -3.7791e-08 -1.5097e-08 -3.7791e-08 -1.5097e-08 -3.7791e-08 -1.5097e-08 -3.7791e-08 -1.5097e-08 -3.7791e-08 -1.5097e-08 -3.7791e-08 -1.5097e-08 -3.7791e-08 -1.5097e-08 -3.7791e-08 -1.5097e-08 -3.7791e-08
1.3895e+05 -7.6192e-08 -1.0229e-07 -7.6192e-08 -1.0229e-07 -7.6192e-08 -1.0229e-07 -7.6192e-08 -1.0229e-07 -7.6192e-08 -1.0229e-07 -7.6192e-08 -1.0229e-07 -7.6192e-08 -1.0229e-07 -7.6192e-08 -1.0229e-07 -7.6192e-08 -1.0229e-07 -7.6192e-08 -1.0229e-07
7.1969e+05 -2.3537e-07 -1.6645e-07 -2.3537e-07 -1.6645e-07 -2.3537e-07 -1.6645e-07 -2.3537e-07 -1.6645e-07 -2.3537e-07 -1.6645e-07 -2.3537e-07 -1.6645e-07 -2.3537e-07 -1.6645e-07 -2.3537e-07 -1.6645e-07 -2.3537e-07 -1.6645e-07 -2.3537e-07 -1.6645e-07
3.7276e+06 -4.3345e-07 -1.5161e-07 -4.3345e-07 -1.5161e-07 -4.3345e-07 -1.5161e-07 -4.3345e-07 -1.5161e-07 -4.3345e-07 -1.5161e-07 -4.3345e-07 -1.5161e-07 -4.3345e-07 -1.5161e-07 -4.3345e-07 -1.5161e-07 -4.3345e-07 -1.5161e-07 -4.3345e-07 -1.5161e-07
1.9307e+07 -5.6408e-07 -9.1900e-08 -5.6408e-07 -9.1900e-08 -5.6408e-07 -9.1900e-08 -5.6408e-07 -9.1900e-08 -5.6408e-07 -9.1900e-08 -5.6408e-07 -9.1900e-08 -5.6408e-07 -9.1900e-08 -5.6408e-07 -9.1900e-08 -5.6408e-07 -9.1900e-08 -5.6408e-07 -9.1900e-08
1.0000e+08 -6.2759e-07 -4.6164e-08 -6.2759e-07 -4.6164e-08 -6.2759e-07 -4.6164e-08 -6.2759e-07 -4.6164e-08 -6.2759e-07 -4.6164e-08 -6.2759e-07 -4.6164e-08 -6.2759e-07 -4.6164e-08 -6.2759e-07 -4.6164e-08 -6.2759e-07 -4.6164e-08 -6.2759e-07 -4.6164e-08
